var crime = [ [ 41.36533665835411,
    43.006052454606596,
    39.8895790200138,
    40.0207182320442,
    37.85157573703829,
    35.59552086868002,
    33.34437086092715,
    32.67148014440433,
    34.788082249265635,
    34.99606506378742,
    34.99599972665213,
    34.995934714068525 ],
  [ 33.19825436408978,
    30.396772024209824,
    27.467218771566593,
    26.8646408839779,
    25.75398170111826,
    24.804886325076346,
    24.337748344370862,
    25.16245487364621,
    25.849769198489298,
    26.96122537711252,
    26.961197204529086,
    26.96116917188842 ],
  [ 28.05486284289277,
    25.58843308675185,
    25.81090407177363,
    24.62016574585635,
    22.94137580481193,
    20.223956565999323,
    17.31788079470199,
    19.025270758122744,
    20.9819555182543,
    23.058086137327187,
    23.058082785776133,
    23.058079450873368 ],
  [ 40.43017456359102,
    37.05447209145932,
    34.26501035196687,
    32.28591160220994,
    33.00576075906472,
    32.8469630132338,
    33.50993377483444,
    31.263537906137184,
    32.35417540914813,
    33.34161228025205,
    33.34157022019945,
    33.34152836907338 ],
  [ 32.04488778054863,
    31.74176193678548,
    28.743961352657006,
    29.83425414364641,
    26.262283971535073,
    24.22802850356295,
    23.344370860927153,
    23.28519855595668,
    25.681913554343268,
    26.195217847024534,
    26.19517817162096,
    26.195138693298546 ],
  [ 62.37531172069824,
    67.6193678547411,
    57.7639751552795,
    56.11187845303866,
    53.74449339207048,
    54.05497115710893,
    53.87417218543046,
    52.707581227436826,
    52.32899706252623,
    59.05576736084955,
    59.055766712976855,
    59.055766068322356 ],
  [ 51.776807980049874,
    52.219233355749836,
    49.930986887508624,
    47.23756906077348,
    44.66282616062352,
    44.04479131319987,
    42.05298013245033,
    43.42960288808664,
    44.94334872010071,
    48.253294544313924,
    48.25323987537558,
    48.253185477996354 ],
  [ 32.04488778054863,
    31.13651647612643,
    30.676328502415462,
    32.42403314917127,
    31.887495764147744,
    30.607397353240586,
    29.735099337748345,
    30.43321299638989,
    31.766680654637014,
    29.857837309708753,
    29.857779230076293,
    29.857721438945035 ],
  [ 37.1571072319202,
    39.17283120376597,
    36.783988957902,
    34.91022099447513,
    34.564554388342934,
    35.59552086868002,
    31.788079470198678,
    31.805054151624546,
    31.7247167436005,
    33.428027735426355,
    33.42798352454732,
    33.4279395332787 ],
  [ 30.081047381546135,
    31.6408876933423,
    29.91718426501035,
    28.487569060773478,
    27.448322602507623,
    26.09433322022396,
    24.17218543046358,
    25.63176895306859,
    29.62652119177507,
    27.47936524572307,
    27.479326734690662,
    27.479288414955587 ],
  [ 42.39401496259351,
    42.871553463349024,
    44.651483781918564,
    41.29834254143646,
    35.615045747204334,
    32.8469630132338,
    29.039735099337747,
    29.314079422382672,
    31.2211498111624,
    35.69812103972924,
    35.698096605711584,
    35.69807229306598 ],
  [ 49.84413965087282,
    47.57901815736382,
    49.55141476880607,
    44.40607734806629,
    41.13859708573365,
    39.32813030200204,
    37.384105960264904,
    39.81949458483754,
    42.42551405791019,
    45.13846189442259,
    45.138458380734996,
    45.13845488450109 ],
  [ 46.50872817955112,
    48.755884330867524,
    45.41062801932367,
    44.71685082872928,
    43.036258895289734,
    45.300305395317274,
    42.51655629139073,
    43.718411552346566,
    44.56567352077214,
    44.46862348859557,
    44.46856261298412,
    44.468502039762456 ],
  [ 48.09850374064838,
    44.11566913248151,
    42.96066252587992,
    38.674033149171265,
    34.93730938664859,
    33.0166270783848,
    33.576158940397356,
    32.599277978339344,
    35.165757448594206,
    39.548742246263146,
    39.54873455014417,
    39.54872689225442 ],
  [ 24.657107231920197,
    23.806321452589106,
    21.463077984817115,
    22.617403314917127,
    22.33141308031176,
    21.411605022056328,
    19.503311258278146,
    20.03610108303249,
    21.107847251363825,
    21.76317620485151,
    21.76315464993814,
    21.76313320209533 ],
  [ 29.894014962593516,
    29.45527908540686,
    25.845410628019323,
    26.83011049723757,
    24.83903761436801,
    25.246012894468954,
    24.072847682119207,
    24.8014440433213,
    26.227444397817873,
    25.200157590358945,
    25.20011112666894,
    25.200064893779807 ],
  [ 35.19326683291771,
    37.18897108271688,
    35.43823326432022,
    33.63259668508287,
    30.83700440528634,
    29.62334577536478,
    28.774834437086096,
    26.425992779783396,
    28.19974821653378,
    29.83387720459979,
    29.833857226102552,
    29.83383734684527 ],
  [ 37.936408977556106,
    36.079354404841965,
    34.92063492063492,
    34.46132596685082,
    32.226363944425614,
    32.47370206990159,
    32.18543046357616,
    31.37184115523466,
    31.472933277381447,
    34.517639330137655,
    34.51762228336313,
    34.5176053212657 ],
  [ 62.93640897755611,
    63.95427034297243,
    55.27950310559005,
    52.83149171270718,
    48.96645205015248,
    47.607736681370895,
    43.377483443708606,
    47.65342960288809,
    47.880822492656314,
    52.95198251078133,
    52.951971999275024,
    52.95196153998294 ],
  [ 45.79177057356609,
    49.49562878278413,
    49.75845410628018,
    46.68508287292817,
    43.713995255845475,
    44.79131319986427,
    43.44370860927152,
    48.23104693140794,
    48.468317247167434,
    48.07157174789734,
    48.0715043526809,
    48.0714372922393 ],
  [ 30.953865336658353,
    28.68190988567586,
    27.432712215320908,
    25,
    23.72077261945103,
    23.854767560230744,
    23.178807947019866,
    22.454873646209386,
    23.373898447335293,
    26.019371477458524,
    26.0193308022905,
    26.019290329169824 ],
  [ 47.132169576059844,
    46.603900470746474,
    43.40924775707384,
    42.023480662983424,
    40.86750254151135,
    40.65151001017984,
    40.2317880794702,
    40.61371841155235,
    43.97817876626101,
    44.56372478733574,
    44.563748372603044,
    44.56377184071433 ],
  [ 40.83541147132169,
    41.89643577673168,
    41.02829537612146,
    40.88397790055249,
    37.03829210437139,
    35.93484899898202,
    32.48344370860927,
    31.696750902527075,
    32.73185060847671,
    34.41233401188363,
    34.41225225402849,
    34.412170902292296 ],
  [ 28.304239401496257,
    28.076664425016812,
    26.673567977915802,
    26.69198895027624,
    25.381226702812604,
    25.07634882931795,
    23.37748344370861,
    23.862815884476532,
    23.961393201846413,
    25.422863102121955,
    25.42280362161368,
    25.42274443656523 ],
  [ 47.91147132169576,
    46.40215198386012,
    45.92822636300897,
    41.850828729281766,
    40.52863436123347,
    38.98880217170004,
    34.139072847682115,
    36.462093862815884,
    38.18715904322283,
    39.89541358406341,
    39.89540355904613,
    39.89539358382651 ],
  [ 30.579800498753112,
    32.41425689307331,
    29.91718426501035,
    31.767955801104968,
    30.125381226702814,
    30.23413640990838,
    28.543046357615896,
    28.447653429602887,
    29.164918170373475,
    29.513099696063293,
    29.513043497609114,
    29.512987578311694 ],
  [ 25.561097256857856,
    24.714189643577676,
    22.843340234644582,
    22.444751381215468,
    21.179261267366993,
    21.37767220902613,
    21.225165562913904,
    22.527075812274365,
    23.08015107007973,
    23.255947003879353,
    23.255907085114384,
    23.25586736463944 ],
  [ 49.34538653366584,
    49.899125756556835,
    50.655624568668046,
    48.96408839779006,
    44.66282616062352,
    43.33220223956567,
    39.5364238410596,
    40.288808664259925,
    43.85228703315149,
    44.11637308488402,
    44.11635511694798,
    44.11633723826476 ],
  [ 27.52493765586035,
    28.345662407531947,
    24.98274672187716,
    25.69060773480663,
    23.48356489325652,
    22.225992534781135,
    20.33112582781457,
    20.86642599277978,
    22.28283676038607,
    24.013086742041747,
    24.01301388886175,
    24.01294139756817 ],
  [ 49.31421446384039,
    50.235373234700745,
    47.308488612836435,
    41.263812154696126,
    38.021009827177224,
    39.124533423820836,
    38.079470198675494,
    39.92779783393502,
    41.75409148132606,
    43.67564431252541,
    43.675659173427825,
    43.675673960511126 ],
  [ 41.42768079800499,
    42.16543375924681,
    37.71566597653554,
    37.430939226519335,
    37.241613012538124,
    36.783169324737024,
    31.72185430463576,
    33.64620938628159,
    34.87201007133864,
    35.4877903630503,
    35.48772978981423,
    35.48766951746594 ],
  [ 33.16708229426434,
    35.137861466039006,
    32.33264320220842,
    29.41988950276243,
    28.837682141646898,
    27.723108245673565,
    26.258278145695364,
    29.783393501805055,
    30.04616030214016,
    31.170998145678908,
    31.170988927637524,
    31.170979755385275 ],
  [ 100, 100, 100, 100, 100, 100, 100, 100, 100, 100, 100, 100 ] ]

var house = [ [ 35.053763440860216,
    32,
    28.46153846153846,
    27.142857142857142,
    23.703703703703706,
    22.8,
    21.518987341772153,
    19.6623595505618,
    18.461538461538463,
    21.052390860575656,
    20.62028745772047,
    20.306409628858756 ],
  [ 53.76344086021505,
    52.38095238095239,
    45.38461538461539,
    40,
    42.96296296296296,
    43.46666666666666,
    40.949367088607595,
    37.07865168539326,
    35.38461538461539,
    37.68694066877171,
    36.97437854346006,
    36.456776850568616 ],
  [ 39.462365591397855,
    37.142857142857146,
    32.61538461538461,
    30,
    29.037037037037038,
    28.666666666666668,
    27.21518987341772,
    23.595505617977526,
    23.076923076923077,
    24.869733707760854,
    24.303247645367016,
    23.89175490041337 ],
  [ 51.88172043010753,
    47.61885714285714,
    43.53846153846154,
    39.64285714285714,
    40.74074074074074,
    37.733333333333334,
    37.9746835443038,
    35.95505617977528,
    35.48717948717949,
    36.65868014908965,
    36.20547072061001,
    35.876261576477155 ],
  [ 49.46236559139785,
    46.19047619047619,
    40,
    35.714285714285715,
    36.888888888888886,
    36.666666666666664,
    34.810126582278485,
    31.235955056179776,
    30.256410256410255,
    32.11789229709836,
    31.43710312201533,
    30.942581147007353 ],
  [ 69.89247311827957,
    68.57142857142857,
    63.07692307692307,
    62.857142857142854,
    62.22222222222222,
    63.33333333333333,
    60.75949367088608,
    56.17977528089888,
    60,
    58.96844198685919,
    58.46456137814411,
    58.09854493295033 ],
  [ 66.66666666666666,
    64.95238095238095,
    62.30784615384616,
    52.32142857142858,
    61.7037037037037,
    58.666666666666664,
    58.86075949367089,
    54.49438202247191,
    63.07692307692307,
    60.033390946424916,
    59.81988024101047,
    59.66478709383459 ],
  [ 41.935483870967744,
    39.23809523809524,
    34.30769230769231,
    32.57142857142858,
    29.703703703703706,
    29.333333333333332,
    27.848101265822784,
    25.842696629213485,
    24.512820512820515,
    26.37601912562783,
    25.79903734246261,
    25.37992055653569 ],
  [ 51.075268817204304,
    47.42857142857143,
    41.84615384615385,
    38.57142857142858,
    38.31111111111111,
    37.32666666666667,
    37.08227848101266,
    34.831460674157306,
    33.43589743589744,
    35.147934803087814,
    34.537082320157054,
    34.09336202119555 ],
  [ 43.01075268817204,
    40,
    36,
    33.42857142857143,
    33.33333333333333,
    32,
    30.37974683544304,
    27.752808988764045,
    25.64102564102564,
    28.169708350060695,
    27.59178102362645,
    27.171977399627366 ],
  [ 43.009677419354844,
    39.80952380952381,
    34.46153846153846,
    33.14285714285714,
    32.592592592592595,
    32.666666666666664,
    31.64493670886076,
    27.52808988764045,
    28.205128205128204,
    29.869608821502354,
    29.523547888347977,
    29.27217089470588 ],
  [ 47.31182795698925,
    47.14285714285714,
    40.76923076923077,
    37.857142857142854,
    40.74074074074074,
    39,
    39.24050632911392,
    36.51685393258427,
    38.46153846153847,
    38.61886301896234,
    38.42049804681382,
    38.2764066872721 ],
  [ 69.6774193548387,
    66.66666666666666,
    63.84615384615384,
    62.142857142857146,
    62.22222222222222,
    60.66666666666667,
    58.86075949367089,
    55.0561797752809,
    57.43589743589743,
    57.74345666306229,
    57.26711183703457,
    56.921097251647936 ],
  [ 48.38709677419355,
    45.52380952380952,
    41.23076923076923,
    36.42857142857142,
    37.03703703703704,
    38.666666666666664,
    38.22784810126582,
    35.39325842696629,
    34.56410256410257,
    36.33879971238128,
    36.009266495471934,
    35.76989515523768 ],
  [ 53.5483870967742,
    47.61904761904761,
    43.07692307692308,
    39.285714285714285,
    37.03703703703704,
    38.93333333333333,
    37.278481012658226,
    33.70786516853933,
    33.33333333333333,
    34.65733236997263,
    33.92330975445276,
    33.39011926492523 ],
  [ 41.935483870967744,
    39.04761904761905,
    34.30769230769231,
    31.71428571428571,
    29.628888888888888,
    29.333333333333332,
    27.848101265822784,
    24.719101123595504,
    23.794871794871796,
    25.48903721957875,
    24.839266986258114,
    24.36727702101824 ],
  [ 47.096774193548384,
    43.80952380952381,
    37.69230769230769,
    35.14285714285714,
    34.074074074074076,
    33.333200000000005,
    31.471518987341774,
    28.08988764044944,
    27.487179487179485,
    29.571666186144235,
    28.92025803027663,
    28.44707828599431 ],
  [ 47.31182795698925,
    44.95142857142857,
    38.46138461538462,
    35.57142857142857,
    35.55555555555556,
    33.32666666666667,
    31.645569620253166,
    29.55056179775281,
    28.717948717948715,
    30.40588778332834,
    29.723751712458725,
    29.228251358844133 ],
  [ 58.06451612903226,
    56.69714285714286,
    53.46153846153846,
    50,
    51.11111111111111,
    51.33333333333333,
    50.50632911392405,
    45.76123595505618,
    47.43589743589743,
    47.15558313529352,
    46.549392965157985,
    46.10905934773585 ],
  [ 100, 100, 100, 100, 100, 100, 100, 100, 100, 100, 100, 100 ],
  [ 51.60215053763441,
    47.61904761904761,
    44.61538461538462,
    40.714285714285715,
    40,
    40.06666666666667,
    37.96835443037975,
    35.73033707865169,
    34.35897435897436,
    35.93353966859039,
    35.25354180554762,
    34.75959463579112 ],
  [ 49.46236559139785,
    46.80952380952381,
    43.07692307692308,
    39.285714285714285,
    40.74074074074074,
    40.33333333333333,
    39.24050632911392,
    35.95505617977528,
    35.8974358974359,
    37.508762714620794,
    37.05861487693329,
    36.73162965759332 ],
  [ 39.784946236559136,
    38.666666666666664,
    34.61538461538461,
    32.42857142857143,
    31.851851851851855,
    31.333333333333336,
    30.373417721518987,
    27.921348314606742,
    26.666666666666668,
    29.354473682164954,
    29.064603186017052,
    28.85404265494812 ],
  [ 50.10752688172043,
    46.105333333333334,
    40.76153846153846,
    37.714285714285715,
    37.03703703703704,
    38.663333333333334,
    37.34177215189873,
    32.58426966292135,
    32.82051282051282,
    34.679861520162014,
    34.12571521396066,
    33.723186008421365 ],
  [ 42.365591397849464,
    40.19047619047619,
    35.38461538461539,
    33.714285714285715,
    29.333333333333332,
    29.333333333333332,
    27.72151898734177,
    24.60674157303371,
    23.589743589743588,
    26.65308053046412,
    26.24910590461337,
    25.955660683771747 ],
  [ 48.817204301075265,
    45.714285714285715,
    38.46153846153847,
    35.714285714285715,
    34.074074074074076,
    33.33333333333333,
    31.645569620253166,
    29.775280898876407,
    27.923076923076923,
    30.245528865184113,
    29.63696459066162,
    29.194906435257696 ],
  [ 64.51612903225806,
    62.857142857142854,
    58.84615384615385,
    53.423,
    55.96296296296296,
    53.333333333333336,
    53.16455696202531,
    48.31460674157304,
    48.717948717948715,
    49.02065808937922,
    48.19186053073617,
    47.5898259793903 ],
  [ 51.075268817204304,
    47.14285714285714,
    42.46153846153846,
    40,
    42.22222222222222,
    42,
    40.50632911392405,
    37.07865168539326,
    35.8974358974359,
    38.245589571484736,
    37.813493943989265,
    37.49962176311094 ],
  [ 43.01075268817204,
    40,
    35.92307692307693,
    33.07142857142858,
    31.11111111111111,
    31.333333333333336,
    29.462025316455698,
    26.96629213483146,
    25.64102564102564,
    27.603791646052134,
    27.000656999089912,
    26.562542898972026 ],
  [ 50.65548387096774,
    47.42857142857143,
    44.61538461538462,
    41.57142857142857,
    42.66666666666667,
    40.666666666666664,
    37.97455696202532,
    34.26966292134831,
    33.589743589743584,
    35.693046779746076,
    34.96068137854827,
    34.42869468151585 ],
  [ 42.795698924731184,
    40.95238095238095,
    36.92307692307693,
    33.42857142857143,
    31.407407407407405,
    30.666666666666664,
    29.11392405063291,
    27.078651685393258,
    27.17948717948718,
    29.58738448641417,
    29.2782940568964,
    29.05377225887787 ],
  [ 59.67204301075269,
    59.80952380952381,
    54.769230769230774,
    50,
    51.85185185185185,
    50.660000000000004,
    49.36708860759494,
    46.88202247191011,
    47.43589743589743,
    48.200823223750064,
    47.778881057204714,
    47.472384301416234 ],
  [ 81.72043010752688,
    79.04761904761905,
    73.07692307692307,
    70.71428571428572,
    74.07037037037037,
    78,
    75.9493670886076,
    71.06179775280899,
    74.35897435897436,
    74.14894150211971,
    74.02897526179679,
    73.94183236312843 ] ];

var carbon = [ [ 27.13376921717618,
    25.914847222610494,
    26.607609642753417,
    25.6715734005384,
    26.16921837228042,
    26.438711647076786,
    26.398808516399825,
    25.58205120170463,
    25.69216638236452,
    24.70915111402486,
    23.74684596203339,
    22.479631955852035 ],
  [ 51.56388054426577,
    49.305303178552464,
    49.53238454835899,
    49.26685377169368,
    50.77195809830781,
    50.85025186994352,
    50.52973631655553,
    49.62867796822611,
    50.93491667760136,
    50.71046343843687,
    51.018119076600485,
    51.42325619236339 ],
  [ 37.468339518171646,
    35.05912610774091,
    34.96369445251234,
    34.18007904232774,
    35.00402900886382,
    34.895435811326514,
    34.898283857428154,
    34.27756713565005,
    34.801863272536416,
    32.163595674495085,
    30.264329598027036,
    27.763276196634916 ],
  [ 41.676974730517756,
    38.726901680131945,
    40.35434214347953,
    40.97027321152414,
    41.495568090249805,
    39.081056327278276,
    38.601360728429746,
    41.99229154263153,
    42.40257184096575,
    42.29440554684223,
    43.4184846377286,
    44.898731070036426 ],
  [ 45.65588737703952,
    44.343183025355735,
    43.775776938716234,
    42.679993126754106,
    44.119258662369056,
    43.50786139520684,
    43.580543614392575,
    42.87594397267571,
    43.7836241962997,
    41.119233832488696,
    39.35332345629247,
    37.02787985064847 ],
  [ 49.44630971314131,
    50.25858936009616,
    50.71739761835609,
    49.21816827997021,
    50.07896857373086,
    49.82445428178904,
    50.24878989946857,
    50.004700278883206,
    50.53470673140008,
    50.743325174393895,
    51.21055562763801,
    51.82582924769474 ],
  [ 48.07091947929551,
    49.33605434569903,
    48.34446703456288,
    48.19577295377742,
    47.59709911361805,
    49.677911769195546,
    47.00605896489862,
    48.08385297527653,
    46.49980317543629,
    45.602951721744915,
    43.950245446769955,
    41.773874952007546 ],
  [ 51.390116039347355,
    47.89074948981018,
    48.25152483299448,
    47.31943410275502,
    48.15471394037067,
    47.653793313997866,
    47.78120028433131,
    47.17826591044401,
    47.638105235533395,
    44.02500923966885,
    41.325871255732906,
    37.771504482592356 ],
  [ 48.86905813748012,
    47.34561516312096,
    48.89050246877723,
    48.20722836359471,
    49.46978243352135,
    48.66127308807816,
    50.04231120739261,
    49.63494500673706,
    51.413856449284864,
    53.64485343814859,
    56.60687446171061,
    60.5074194394587 ],
  [ 46.65724215114567,
    48.150736630231194,
    49.8605866976474,
    44.67896213987055,
    45.54391619661563,
    45.07708746756221,
    44.63324645432081,
    44.552376774355274,
    45.8437212964178,
    40.49346658499904,
    36.78356886417114,
    31.898180540514865 ],
  [ 36.77917182069859,
    34.80752564926896,
    35.204763287830374,
    35.331347728965,
    36.53827558420628,
    36.522668294916805,
    36.04237890532444,
    34.14909284617554,
    32.95171237370424,
    32.174406585034426,
    30.082036686796425,
    27.326694022702174 ],
  [ 26.56240796371561,
    25.59056218724665,
    25.939587568980542,
    25.640071023540866,
    26.356164383561648,
    26.64020760189284,
    27.322885285854515,
    28.24867608811456,
    28.79543367012203,
    31.461937551107788,
    34.54816424501648,
    38.61226977815047 ],
  [ 31.787123755669434,
    30.840625087361275,
    31.394133023526,
    30.81505240849991,
    32.634971796937954,
    32.45000763242253,
    32.471313001387806,
    31.651677999561308,
    31.862616454533523,
    33.28627870228272,
    34.29945000016647,
    35.63364722095678 ],
  [ 30.341049655416153,
    29.071035196108586,
    28.678478071449316,
    29.17120109971934,
    29.679290894439962,
    29.427568310181652,
    29.25566123954913,
    28.775107323034497,
    29.2481301666448,
    28.407962578795303,
    27.83044125806794,
    27.069930826444573 ],
  [ 29.489898097425925,
    27.66766374996506,
    28.132442637234973,
    27.727819462741284,
    28.003223207091054,
    27.77285910548008,
    27.366888941542832,
    27.186413060508258,
    27.47998950268994,
    25.358835356029203,
    23.708514707751025,
    21.53528573161962 ],
  [ 38.96448135713023,
    37.424170417377205,
    37.266918385129244,
    36.293602153617044,
    37.83078162771958,
    38.125477026408184,
    38.16132417154656,
    36.981794253125685,
    38.0921138958142,
    37.35173876546596,
    37.146984266571216,
    36.8773527798322 ],
  [ 68.00671496730871,
    64.38176176232143,
    63.97037467325008,
    66.40128300589953,
    66.34971796937953,
    63.18424667989619,
    60.96198761127847,
    64.24654529502084,
    65.55570135152867,
    60.37685461274215,
    57.467815888986884,
    53.63704078855388 ],
  [ 46.901690522471576,
    45.55925190797014,
    46.093523090328205,
    43.782576321667904,
    45.56003223207091,
    46.33491070065639,
    47.62549504112649,
    46.28207940337793,
    46.60477627607926,
    47.49867920271926,
    48.44826694934211,
    49.69873400766353 ],
  [ 34.66454615067444,
    34.061110955802185,
    34.507696776067384,
    34.747121828283404,
    35.37792103142627,
    35.36864600824302,
    34.512405646007515,
    35.10794973835114,
    34.513187245768265,
    35.56055965337935,
    36.08814432838495,
    36.782895560080846 ],
  [ 40.504800612593506,
    39.49008973749685,
    39.62242230612838,
    39.403745919010255,
    41.09911361804996,
    43.144558082735465,
    44.433537555427684,
    42.546924450850746,
    40.54586012334339,
    46.43438367192182,
    49.90514721444888,
    54.47563108241086 ],
  [ 25.784885433233196,
    24.145257331357804,
    24.827185593958756,
    23.973308895125722,
    24.867042707493955,
    24.8450618226225,
    24.801137325254714,
    24.134365305674805,
    24.681800288676026,
    23.831365239962818,
    23.285212816489388,
    22.56601059762653 ],
  [ 41.08794251045531,
    39.389449554108076,
    39.73860005808888,
    39.27487255856578,
    41.09266720386785,
    40.51289879407724,
    41.0317164810615,
    40.09964591232413,
    41.24458732449809,
    41.8589231946699,
    42.845173919479315,
    44.14392071460827 ],
  [ 33.860517170289214,
    31.81068463280311,
    32.27127505082776,
    30.402657655077608,
    31.39403706688155,
    30.99679438253702,
    31.262904918254748,
    30.247861373108137,
    30.517648602545595,
    26.90391610217183,
    23.93859976803871,
    20.03371535211785 ],
  [ 26.509395063909995,
    24.802214084034553,
    24.954981121115306,
    27.14359356205968,
    27.677679290894442,
    27.58662799572584,
    27.407507700639744,
    26.772788518785447,
    27.70633775095132,
    30.460855816548833,
    32.931033978249005,
    36.18389442255995 ],
  [ 42.092242445661775,
    42.7776690615303,
    43.85710136508859,
    43.34727074861103,
    46.7074939564867,
    46.884445122882,
    48.214467048031686,
    45.68357722558205,
    47.290381839653584,
    54.78231566697489,
    61.11708783899341,
    69.45904881232602 ],
  [ 32.38499145903281,
    30.583433507589948,
    31.068835318036598,
    30.17354945873188,
    31.50362610797744,
    31.091436421920314,
    31.95342382290221,
    31.300723842948013,
    31.60674452171631,
    31.648533008803565,
    31.893846809625376,
    32.216888917076744 ],
  [ 30.63851092654768,
    29.043079589611697,
    29.48591344757479,
    28.609886018672313,
    29.102336825141013,
    28.700961685238894,
    28.301120400771758,
    28.28001128066932,
    28.897126361369896,
    26.342864166248052,
    24.591206439611998,
    22.284531472076303 ],
  [ 50.37109029863933,
    48.18428335802745,
    48.989253557943655,
    47.82347213471562,
    47.87429492344883,
    47.574416119676386,
    47.04329282740412,
    48.01804907091154,
    47.71355465162052,
    44.668665970135905,
    42.35710878961065,
    39.31312879097021 ],
  [ 25.502149967603227,
    24.24589751474658,
    24.719721173395296,
    24.46589151726903,
    25.6986301369863,
    25.483132346206688,
    25.11931760484717,
    25.202895371792057,
    25.403490355596375,
    26.098953722643664,
    26.769260479875335,
    27.65195565140621 ],
  [ 58.42905106909348,
    65.16451874423416,
    67.23496950334011,
    67.87616701987514,
    67.2876712328767,
    67.90108380399938,
    64.65490979250583,
    65.23047034124023,
    63.91221624458731,
    69.52430063165494,
    72.28094370957207,
    75.91103621313043 ],
  [ 29.02161748247629,
    27.804646221799782,
    27.603833865814696,
    27.92828913454379,
    28.157937147461727,
    28.258281178446037,
    27.84077446434011,
    27.386958292858708,
    27.899881905261775,
    26.858162784408112,
    26.117336553257285,
    25.14177763172592 ],
  [ 43.00524238675856,
    40.01006401833888,
    40.331106593087426,
    37.507875594249384,
    38.45930701047543,
    38.48572736986719,
    38.086856446535556,
    37.55522827687776,
    38.138039627345485,
    32.0189139453654,
    27.384121107255588,
    21.280782277522455 ],
  [ 100, 100, 100, 100, 100, 100, 100, 100, 100, 100, 100, 100 ] ];
